year,location,longitude,latitude,summer_dailyTmean,winter_dailyTmean,winter_dailyRainfall,summer_dailyHumidity,winter_dailyHumidity,period
1970,Dublin,-6.2603,53.3498,14.47758119814,3.92998602326908,3.03791671193516,81.4456079081948,86.1395511228076,1970s
1970,Madrid,-3.7038,40.4168,21.8130905450481,4.47260406669615,2.07152780864598,49.9362779180216,78.6667959454779,1970s
1970,London,-0.1276,51.5072,16.2232740939033,3.66631241805153,1.94972225127533,73.5586405518914,83.6170569012874,1970s
1970,Oslo,10.7522,59.9139,14.8273547410466,-8.38409610889713,0.848148160786544,70.8047665618811,84.2533166676587,1970s
1970,Berlin,13.405,52.52,17.931976501363,-1.95251384524679,1.45166668829818,69.2866495338139,87.1300912411032,1970s
1970,Rome,12.4964,41.9028,22.3759861219313,7.70399128079382,4.21965818253593,73.3226901682234,74.3607571836692,1970s
1971,Dublin,-6.2603,53.3498,13.7688855618066,5.74880542705974,1.75972224844413,81.859719529664,83.9096943036637,1970s
1971,Madrid,-3.7038,40.4168,20.2815960140623,5.20234016149641,1.35229168681738,56.9404770389553,72.0108990009048,1970s
1971,London,-0.1276,51.5072,15.601073020854,5.03803460961336,1.31687501962296,77.7049124812222,85.0555172816608,1970s
1971,Oslo,10.7522,59.9139,13.8284996909089,-2.30348883740189,1.6514074320153,70.1629723878929,80.4867468890012,1970s
1971,Berlin,13.405,52.52,17.9907061196155,1.60536107522848,1.00402779273896,68.7542730682641,85.819642611007,1970s
1971,Rome,12.4964,41.9028,22.9458774135411,7.23181180416837,2.92170944524625,71.5144071313595,71.2869575839976,1970s
1972,Dublin,-6.2603,53.3498,12.8345513435602,4.98304933916962,3.94945060830194,82.0552067021699,85.0463247967007,1970s
1972,Madrid,-3.7038,40.4168,20.7594696446853,4.58247242504629,2.48289838864642,51.9502400085686,78.5130004437184,1970s
1972,London,-0.1276,51.5072,14.7565078223403,4.61144907275026,2.20103025257813,75.2631482604728,86.7930439649312,1970s
1972,Oslo,10.7522,59.9139,14.2759779417766,-4.236314923626,1.61003665402805,74.1735888915321,86.9372520824544,1970s
1972,Berlin,13.405,52.52,17.4109914586601,-0.598049437182008,0.245604399264188,74.250242986166,83.4260774020858,1970s
1972,Rome,12.4964,41.9028,21.2326416658817,7.91381216461715,4.00219786183521,72.245570696796,77.1753234336115,1970s
1973,Dublin,-6.2603,53.3498,14.3323773970377,5.16099988464266,2.46083337000261,81.237778988315,85.8744840382502,1970s
1973,Madrid,-3.7038,40.4168,21.7642386439661,4.30088879275653,1.46784724409485,52.0541617579322,72.8419781627939,1970s
1973,London,-0.1276,51.5072,16.3656721885465,4.31912490346004,0.938958347324906,74.085725101244,83.7511660452286,1970s
1973,Oslo,10.7522,59.9139,14.9147387970644,-2.48235550007056,1.68829632145387,70.3025251752804,81.6561396096284,1970s
1973,Berlin,13.405,52.52,17.8107061236388,0.69949303992068,1.12201390560821,68.9217609178737,86.3922792796232,1970s
1973,Rome,12.4964,41.9028,22.8387620313199,6.53796566583089,3.57085475406457,71.2430136139049,67.6164442604679,1970s
1974,Dublin,-6.2603,53.3498,13.285801333474,6.33044430294798,3.81000005677341,81.5812340923674,84.4462741134811,1970s
1974,Madrid,-3.7038,40.4168,21.4293881079724,5.47859709976603,1.07368057155465,52.9112405704552,76.1249829260476,1970s
1974,London,-0.1276,51.5072,15.2336069964588,6.48059013292531,2.23909725558738,76.0455984027923,82.8350747637506,1970s
1974,Oslo,10.7522,59.9139,13.6271446229458,-1.54901478019163,2.22051855160683,71.5895278317011,84.7258126999164,1970s
1974,Berlin,13.405,52.52,16.3070308855094,3.812812414777,2.27701392281904,75.3676421835684,85.0096647697625,1970s
1974,Rome,12.4964,41.9028,22.5820312678275,7.96477759975112,1.8499145574804,70.9495780453868,73.4213663422906,1970s
1975,Dublin,-6.2603,53.3498,15.2674045500513,5.63479154071926,2.58444448295566,78.6587205181553,85.8149683840058,1970s
1975,Madrid,-3.7038,40.4168,21.7297957099534,5.60215959700421,1.41722224334048,49.6149463914941,75.0319724442284,1970s
1975,London,-0.1276,51.5072,17.0601422817196,5.25935404911095,1.77513891534051,69.1409657041938,85.2554901211776,1970s
1975,Oslo,10.7522,59.9139,15.6859634175073,-2.14466661872964,2.01488891891305,66.6045128268041,78.5029201905002,1970s
1975,Berlin,13.405,52.52,18.778919417215,2.82665271459717,0.914652791407162,67.0709511019641,83.5614899183024,1970s
1975,Rome,12.4964,41.9028,22.0906684025562,7.93834170290611,1.27196583091959,69.7161762705285,69.6580627119949,1970s
1976,Dublin,-6.2603,53.3498,15.5668067172721,4.56868121656333,2.23942311029308,77.5708855096378,84.2637456835623,1970s
1976,Madrid,-3.7038,40.4168,21.6360864729175,5.93021277953732,1.67245881613035,53.0483703556997,73.5126288326499,1970s
1976,London,-0.1276,51.5072,18.3375471444717,3.94153837343821,1.30934067885136,65.0798243393302,84.14441728113,1970s
1976,Oslo,10.7522,59.9139,15.7926518209197,-5.57487899627087,1.47069599261104,60.25116368851,79.889887768902,1970s
1976,Berlin,13.405,52.52,18.4136748601614,-0.071215657748865,1.60989013387933,62.7112101736003,84.5550429582245,1970s
1976,Rome,12.4964,41.9028,21.3806600572221,8.06454757967569,3.90185973692501,72.4931218856008,71.2653923662849,1970s
1977,Dublin,-6.2603,53.3498,13.784986104925,4.73447211639851,4.04513894916616,80.4083345315109,86.4408958567598,1970s
1977,Madrid,-3.7038,40.4168,18.5447414333188,6.58183318621791,2.3363889237038,57.598634738068,83.5953980710653,1970s
1977,London,-0.1276,51.5072,14.7592048331495,4.88904155738808,2.54500003792346,77.7017336595785,86.4272028534234,1970s
1977,Oslo,10.7522,59.9139,14.0357967877248,-5.74191098276939,1.99933336312572,66.347482470136,82.8500468134133,1970s
1977,Berlin,13.405,52.52,17.0950947265905,1.78009718243397,1.24979168529002,74.7195334380296,85.825898714803,1970s
1977,Rome,12.4964,41.9028,21.4003423310296,8.59378613270023,3.34504278488775,75.4285484212702,73.9088704970394,1970s
1978,Dublin,-6.2603,53.3498,13.4288176346251,3.91348602363788,4.66958340291555,81.9446939585012,84.1440322615957,1970s
1978,Madrid,-3.7038,40.4168,21.0573500728098,6.09142347495718,2.44458336976046,49.899184971972,79.5753436515185,1970s
1978,London,-0.1276,51.5072,15.0019222190287,3.45821520048065,3.04666671206554,77.7314774814091,85.4938992703154,1970s
1978,Oslo,10.7522,59.9139,13.8297243285627,-7.46934798119521,1.75296298908414,69.0502225946597,83.0458761241527,1970s
1978,Berlin,13.405,52.52,16.6090825091929,-0.247534716689374,1.35972224248365,70.0434166815883,85.409566490093,1970s
1978,Rome,12.4964,41.9028,21.1150078892468,8.00617930822744,4.69076930066714,70.3607670059039,73.8878515683044,1970s
1979,Dublin,-6.2603,53.3498,13.8946056676922,2.84504160307504,2.99569448908377,81.5427607779233,84.0213055998411,1970s
1979,Madrid,-3.7038,40.4168,22.2624723284819,6.34140958048067,2.35916670182098,49.4679355197384,79.9865695148741,1970s
1979,London,-0.1276,51.5072,15.4871939473125,2.42087494588926,2.63027781697197,76.5091855129338,85.181369406115,1970s
1979,Oslo,10.7522,59.9139,13.5564562187287,-7.76307390055586,1.106962979458,71.1959074936502,80.4587816867341,1970s
1979,Berlin,13.405,52.52,17.0107808697794,-1.21186108402391,1.5369444673467,72.0744546259056,85.097198237744,1970s
1979,Rome,12.4964,41.9028,22.1570981669576,7.60042718054456,4.85059836287784,70.2372162364895,72.3491769022625,1970s
1980,Dublin,-6.2603,53.3498,13.4759507857455,4.79759604661152,3.4094780727832,83.2860347606117,86.7721166776207,NA
1980,Madrid,-3.7038,40.4168,21.7347889163636,5.11565922631546,0.773489022514894,47.7825414728849,74.5350519089172,NA
1980,London,-0.1276,51.5072,15.2389330832963,4.41756858257831,1.33791210784853,77.6390871050708,85.3776180194076,NA
1980,Oslo,10.7522,59.9139,14.5961156157804,-6.80211706407806,1.27838829743775,73.6988237619214,82.4538730021805,NA
1980,Berlin,13.405,52.52,16.4491232736378,-0.717609874070006,1.08276100514538,77.3886234972517,86.1247654343024,NA
1980,Rome,12.4964,41.9028,21.0408523725097,6.45503789460285,2.73372785138662,73.2387359266975,68.8481159271736,NA
1981,Dublin,-6.2603,53.3498,14.1160594670902,4.03451379871048,2.87152782056687,82.2728662397353,84.7897001541147,NA
1981,Madrid,-3.7038,40.4168,22.3063106427194,5.37441654653909,1.80909724917989,47.1901501597098,70.7361060868728,NA
1981,London,-0.1276,51.5072,15.5285934029089,2.65834716280354,1.39902779862491,76.3458826897185,84.2142473233452,NA
1981,Oslo,10.7522,59.9139,13.4435359313976,-7.10928132257667,0.899925939335872,73.3735504528085,77.4487911618832,NA
1981,Berlin,13.405,52.52,17.06103902083,-1.24830552765376,1.42215279896951,74.2804939200073,84.5539338442214,NA
1981,Rome,12.4964,41.9028,21.9852921507309,6.30138447453768,3.56965817285017,69.8852017102669,65.6163856616428,NA
1982,Dublin,-6.2603,53.3498,14.3034371802933,4.70512489483226,2.81194448634568,81.6492467585067,84.9330245214146,NA
1982,Madrid,-3.7038,40.4168,22.2359234160319,6.1244651408853,0.820347234446347,48.7267670304333,78.3072116548509,NA
1982,London,-0.1276,51.5072,16.6458284322845,3.99954852171423,1.59805557936844,76.1370759644628,84.9627412311395,NA
1982,Oslo,10.7522,59.9139,14.8159199586934,-5.97651838493294,1.8504444720182,63.7083587205895,84.5072137348891,NA
1982,Berlin,13.405,52.52,18.868899034769,-0.27902082709675,1.04756946005445,65.7880444585791,83.4334135655296,NA
1982,Rome,12.4964,41.9028,23.3270228899716,8.10999127171901,2.42811969430149,74.0115428046271,72.9963436390238,NA
1983,Dublin,-6.2603,53.3498,15.5236409573674,5.13252766305684,3.42902782887428,80.9286536882004,83.2200885763205,NA
1983,Madrid,-3.7038,40.4168,21.9962563018236,5.17230543994553,0.636111120589892,45.9232501744524,70.2882613019735,NA
1983,London,-0.1276,51.5072,17.736813462247,4.67258322889298,1.76659724854658,71.8945662887038,82.1210292610818,NA
1983,Oslo,10.7522,59.9139,14.9450793760964,-2.98199993334711,1.19103705478487,63.9167290290731,77.3315113564109,NA
1983,Berlin,13.405,52.52,19.1422957677885,1.40627080190072,1.62645835756945,63.5346163313549,82.8766679016252,NA
1983,Rome,12.4964,41.9028,22.7181349437151,6.53200840100677,3.11034192668958,69.9715141449391,68.371403401948,NA
1984,Dublin,-6.2603,53.3498,15.2826762888403,4.48373616351696,3.71730774769989,79.4721391152616,85.8471311885875,NA
1984,Madrid,-3.7038,40.4168,21.3070375672288,5.0741963151543,0.840796715825553,46.4676437441929,73.324200380872,NA
1984,London,-0.1276,51.5072,16.6525064212658,4.30655210154325,2.18859893371157,72.3146749906161,83.5111586132725,NA
1984,Oslo,10.7522,59.9139,14.2691663477259,-4.04075448843665,2.24542127888062,71.3570076663837,84.0999027310187,NA
1984,Berlin,13.405,52.52,16.3495784389062,0.600425810755254,1.40618133963505,73.6703562890307,84.0969337684793,NA
1984,Rome,12.4964,41.9028,21.2781516983093,7.25455605086579,4.0634827317256,71.6598165040561,69.8651314758542,NA
1985,Dublin,-6.2603,53.3498,13.0995920985056,4.14094435188712,2.51291670411205,82.2132508763978,82.8488012345433,NA
1985,Madrid,-3.7038,40.4168,22.9906516600319,5.25761793803862,1.96333336258929,43.3128403193247,75.8026212168833,NA
1985,London,-0.1276,51.5072,15.0516912396554,3.18149298444368,1.88909725037197,75.9436524700151,82.0466299796981,NA
1985,Oslo,10.7522,59.9139,13.6560359266479,-9.7682664483289,1.84874076828912,76.7458344769353,83.6677638038245,NA
1985,Berlin,13.405,52.52,16.7856653856807,-1.67275690705545,1.27395835231679,71.5749500114103,81.9302062681738,NA
1985,Rome,12.4964,41.9028,22.9491466442372,6.80974343753393,2.26017097385011,69.1964893254224,75.2967573778015,NA
1986,Dublin,-6.2603,53.3498,13.2169154654485,3.39912492402364,2.96180559968989,82.4831968213819,82.3389622659072,NA
1986,Madrid,-3.7038,40.4168,22.5510592785532,4.5722151755808,1.20534724018329,38.7661011211382,77.5980332262716,NA
1986,London,-0.1276,51.5072,15.6251355203162,2.86297215822982,2.08625003108755,73.2035361010148,80.5064786377768,NA
1986,Oslo,10.7522,59.9139,14.0690938884298,-7.1576739140876,2.24414818158856,70.3541709029877,78.5851513856022,NA
1986,Berlin,13.405,52.52,17.4460118383121,-1.58099996466188,2.04687503050081,67.8798231729109,83.0704967333424,NA
1986,Rome,12.4964,41.9028,22.1157102080165,6.25340156962729,4.56076929872998,70.7557621981613,70.484147391759,NA
1987,Dublin,-6.2603,53.3498,13.9002850153914,4.63938878519046,1.71833335893849,82.1424045389343,83.5634048596496,NA
1987,Madrid,-3.7038,40.4168,22.5171258553987,5.71270126120004,2.47083337015162,47.1693412875142,79.6688564060137,NA
1987,London,-0.1276,51.5072,15.4343474811024,3.25313881617556,0.698541677075748,77.6049873059889,82.5155228580758,NA
1987,Oslo,10.7522,59.9139,12.4439127653351,-7.67521464326035,0.930000013858077,75.5756913102147,78.5908531890322,NA
1987,Berlin,13.405,52.52,16.1745784428178,-2.10577078626571,1.53687502290122,74.9651588674108,83.8117265420243,NA
1987,Rome,12.4964,41.9028,23.1689543316318,7.90835879759337,3.89008552805225,72.0795997362771,74.8318796729567,NA
1988,Dublin,-6.2603,53.3498,13.8020649088911,5.56976635902251,2.96167586830823,80.5701239836716,84.8398813241827,NA
1988,Madrid,-3.7038,40.4168,21.1352644732422,5.8869229453401,0.850618144543338,56.1426529213482,76.340995862513,NA
1988,London,-0.1276,51.5072,15.2207605293547,5.81078970528355,2.07561816279723,76.6713221554965,82.4905913408483,NA
1988,Oslo,10.7522,59.9139,15.1296373429856,-2.67852008665057,3.229011037127,73.6206540962739,84.300384397936,NA
1988,Berlin,13.405,52.52,17.4360661863605,3.11975954565257,2.02012365647582,72.4206457979445,83.4223488728867,NA
1988,Rome,12.4964,41.9028,23.1621399505133,8.09918832277293,2.4956044327918,72.4333344126741,68.4854308847658,NA
1989,Dublin,-6.2603,53.3498,15.288885527832,5.75587487134616,2.4779167035905,77.7077040465182,83.0213225584354,NA
1989,Madrid,-3.7038,40.4168,23.473076920988,6.90855540113731,1.86347224999014,46.8756800463282,75.1003742534111,NA
1989,London,-0.1276,51.5072,17.0929955418548,5.84348598049902,2.32534725687257,67.3021069811404,83.8952244294628,NA
1989,Oslo,10.7522,59.9139,14.0761808447931,-0.684377762480709,1.46822224410045,69.6754369745602,77.9085365634495,NA
1989,Berlin,13.405,52.52,17.7907740588669,3.11406937483957,1.01354168176962,65.3747284945953,83.8242075982843,NA
1989,Rome,12.4964,41.9028,22.057909205964,7.86236734562992,1.33974360970733,73.4942027758212,69.8426006612293,NA
1990,Dublin,-6.2603,53.3498,14.7902578215859,5.5284998764284,4.16013895087979,79.2055794115476,83.7490382849949,NA
1990,Madrid,-3.7038,40.4168,23.6833554488966,6.07231930871754,0.612430564681479,43.4589001041098,77.4077789312436,NA
1990,London,-0.1276,51.5072,16.7336477237999,6.23379847177485,2.74833337428669,69.0297564634061,81.5569004400987,NA
1990,Oslo,10.7522,59.9139,14.4650938795785,-0.363014806700811,3.64059264684165,70.4287340811441,83.3462323977345,NA
1990,Berlin,13.405,52.52,17.5436816730855,3.4487082562487,1.65715280247128,68.8828542500284,80.3716792538197,NA
1990,Rome,12.4964,41.9028,22.6400078551604,7.52845282317895,2.69418807433458,68.387967120755,73.589003892461,NA
1991,Dublin,-6.2603,53.3498,14.3333013100605,4.04695824287677,2.42819448062737,81.3155231897177,84.5852371812706,NA
1991,Madrid,-3.7038,40.4168,23.7470375126906,4.9740832221539,1.06819446036178,43.6031256497372,77.003344848839,NA
1991,London,-0.1276,51.5072,16.1092115964528,3.34465964746327,1.42250002119689,75.9337236589732,82.4064043900064,NA
1991,Oslo,10.7522,59.9139,14.0920504096558,-3.69706658403077,1.26940742632306,76.3383687958064,81.4961206173719,NA
1991,Berlin,13.405,52.52,18.2720648089788,0.500277766595718,0.920972235945774,67.8706531852646,79.8043203692649,NA
1991,Rome,12.4964,41.9028,23.0634944677683,6.53752122139638,0.979572664169416,68.728693723628,65.6226441496598,NA
1992,Dublin,-6.2603,53.3498,14.4037089171824,5.04896966736651,1.78763738927524,79.1009522656525,83.9007599755602,NA
1992,Madrid,-3.7038,40.4168,21.4479275097319,5.13519906104354,0.640590668886203,52.8281343021868,74.7736665946415,NA
1992,London,-0.1276,51.5072,16.5786613142206,4.36212215524623,0.966414849565537,74.8153543757052,82.721560500746,NA
1992,Oslo,10.7522,59.9139,14.7486808297616,-1.30812451288568,0.997728952596257,67.6423057842945,78.9308601369249,NA
1992,Berlin,13.405,52.52,20.2309913956282,1.89524721038519,1.3519230970683,61.5731484362061,84.4195029761617,NA
1992,Rome,12.4964,41.9028,22.5818724049548,7.48166509059085,1.80980560600454,73.1026924265732,73.1363885243721,NA
1993,Dublin,-6.2603,53.3498,13.7235730628194,5.66426376228272,3.0836111570605,81.3648394684081,83.465145840379,NA
1993,Madrid,-3.7038,40.4168,22.0885253215004,5.50540265472243,0.253194448217339,48.8344436624725,73.7471275356994,NA
1993,London,-0.1276,51.5072,15.7091844314811,5.3608123801765,2.05243058613914,72.4924139305287,81.648458566929,NA
1993,Oslo,10.7522,59.9139,12.4758547936067,-2.65485919991854,1.96274076998786,72.1661993579519,79.6996284010373,NA
1993,Berlin,13.405,52.52,16.3068950159473,1.94359717877944,2.04451391935452,72.894606895343,82.6509073271464,NA
1993,Rome,12.4964,41.9028,23.0908439654848,7.25580325662358,1.43025643156891,67.0576381300384,68.6686888060486,NA
1994,Dublin,-6.2603,53.3498,13.9498366447186,5.19372210613349,4.35097228705676,82.7391495845578,85.0009881087187,NA
1994,Madrid,-3.7038,40.4168,23.9054274548025,5.65818737352965,1.02694445974711,40.9998647413803,76.8618508563135,NA
1994,London,-0.1276,51.5072,17.2052713545626,5.35433321365466,2.48916670375814,71.0331532323895,83.2582209679898,NA
1994,Oslo,10.7522,59.9139,15.3848764677154,-5.71017765014534,2.60888892776436,67.8059408600114,84.975629406939,NA
1994,Berlin,13.405,52.52,19.3060389706503,2.0253332880636,1.64131946890201,65.4277749708654,82.1563801394279,NA
1994,Rome,12.4964,41.9028,24.3167135033018,8.64062373849093,2.1588034509721,62.9757225003808,72.3437348723013,NA
1995,Dublin,-6.2603,53.3498,16.0123637725306,4.88245822420188,3.92694450296048,78.4648513054572,87.0471572604065,NA
1995,Madrid,-3.7038,40.4168,23.1993948618879,6.83403456946965,1.7665278041011,45.783560464837,78.2494541200559,NA
1995,London,-0.1276,51.5072,17.9136680778591,4.69479156172989,3.32062504948116,67.0760554212798,82.1101638251628,NA
1995,Oslo,10.7522,59.9139,14.9530793759175,-5.05728877584969,2.26881484862278,69.836584562944,83.004974781844,NA
1995,Berlin,13.405,52.52,18.7855702322837,0.536333321345348,1.66875002486631,68.2650562658474,83.579226051629,NA
1995,Rome,12.4964,41.9028,22.4285613715923,8.29495707955054,3.07700859285954,69.234538846801,73.5339549964505,NA
1996,Dublin,-6.2603,53.3498,14.2808692460151,4.57891473281811,3.18447806943042,81.2212425896012,85.7858728379421,NA
1996,Madrid,-3.7038,40.4168,22.3983894450092,6.09401772093095,3.33351653318976,44.5752555928431,77.6055651808032,NA
1996,London,-0.1276,51.5072,16.4995376746849,3.46210843909936,1.38434067996894,68.8614140695933,80.8164267361734,NA
1996,Oslo,10.7522,59.9139,14.5425648923396,-7.02120863427255,1.53084251365382,70.3401830041777,84.6990397236525,NA
1996,Berlin,13.405,52.52,17.0451151081424,-3.39179937473683,0.47760989722683,72.9504459877993,82.3593017041968,NA
1996,Rome,12.4964,41.9028,22.6033690599927,7.79142839727658,3.53389692501758,67.1569047664062,73.1849922095467,NA
1997,Dublin,-6.2603,53.3498,14.7311409750812,5.61140265235315,2.61569448342132,82.8726764852567,85.1181513556193,NA
1997,Madrid,-3.7038,40.4168,21.3217454473348,6.81820818093452,2.19437503269873,51.6027879885199,78.2980091348587,NA
1997,London,-0.1276,51.5072,17.4506993382073,4.82720128099252,1.70291669204211,73.226581648605,82.3641920013643,NA
1997,Oslo,10.7522,59.9139,16.9582967224018,-3.28479992657902,1.87755558353332,70.3064742619338,80.3443761972245,NA
1997,Berlin,13.405,52.52,19.1813242995249,0.994611088879855,1.41263890993884,67.4618729942485,81.826832495035,NA
1997,Rome,12.4964,41.9028,23.0554175448719,8.62233314060917,2.38641029197054,69.6911381622247,73.1467668242375,NA
1998,Dublin,-6.2603,53.3498,14.2141844648969,6.39749985700473,2.78833337488275,83.4984734664464,85.7941189254908,NA
1998,Madrid,-3.7038,40.4168,23.6845578945219,6.58986096381623,1.12902779460161,43.4001365162777,74.4857567136842,NA
1998,London,-0.1276,51.5072,15.9688787191547,6.11722208549164,1.6125694684736,73.4096478330195,79.7113107116006,NA
1998,Oslo,10.7522,59.9139,12.8345576841398,-1.50646663299452,1.34970372381586,76.4563491016708,76.1796242211483,NA
1998,Berlin,13.405,52.52,17.1982944525447,2.80561104840082,1.24013890736839,72.0844684280941,81.6300558611914,NA
1998,Rome,12.4964,41.9028,24.1138623372673,7.74138444235118,2.93974363354918,65.625691354468,70.3979005923895,NA
1999,Dublin,-6.2603,53.3498,14.4977578281238,5.10231933039872,3.06847226794602,80.9827121334308,86.7835046945355,NA
1999,Madrid,-3.7038,40.4168,23.5752372447915,5.36256932458168,0.778888900495236,43.3088381708448,72.2268590600757,NA
1999,London,-0.1276,51.5072,16.7112020721277,5.18424293967869,2.26472225596921,72.2103082432529,80.2804540264606,NA
1999,Oslo,10.7522,59.9139,14.3422243171074,-4.00773324375351,2.80814818999281,73.385509439508,80.1677901957155,NA
1999,Berlin,13.405,52.52,18.4110118167427,2.20588189513914,1.69722224751281,66.8187892870322,83.6004874694072,NA
1999,Rome,12.4964,41.9028,23.5568807443657,6.92400839224489,3.0286325237626,69.742595181505,75.8384419902959,NA
2000,Dublin,-6.2603,53.3498,14.5632877179634,5.37844768198013,3.24958796051054,81.987501221709,85.8477790570093,NA
2000,Madrid,-3.7038,40.4168,22.6376489505308,6.39578282407607,1.43166210924552,41.8144027969963,74.0149651316859,NA
2000,London,-0.1276,51.5072,16.3523162105842,5.75128421210813,1.89045332487327,74.08728866347,82.6220986094423,NA
2000,Oslo,10.7522,59.9139,13.5300069439576,-1.26938458701165,1.91091577939061,73.8937657152885,80.8838417089358,NA
2000,Berlin,13.405,52.52,17.5520852055064,2.6694642260471,1.46119507671856,69.9305317105506,83.6532310094084,NA
2000,Rome,12.4964,41.9028,23.1580095158229,7.7925949230324,1.57438717477042,68.1623755976383,81.5778115772854,NA
2001,Dublin,-6.2603,53.3498,14.4190621777088,4.0990693528231,1.66319446922798,80.8845851070477,85.4855494465914,NA
2001,Madrid,-3.7038,40.4168,23.2799655122609,5.37302765768127,1.51826391151277,40.0221473355069,75.0210966027275,NA
2001,London,-0.1276,51.5072,17.0114194567217,4.02993046547959,2.03208336361373,71.612109910641,83.1139011590655,NA
2001,Oslo,10.7522,59.9139,14.4765793865682,-5.26890358593454,2.05370373430627,73.0977214539826,81.9731690701952,NA
2001,Berlin,13.405,52.52,18.0113447061107,0.674201373819322,1.39437502077781,72.6940983054486,85.253306355119,NA
2001,Rome,12.4964,41.9028,23.3104593451914,7.69729897325109,2.23572652904141,66.2587802515468,79.8417861795933,NA
2002,Dublin,-6.2603,53.3498,14.1842116394799,6.47927763295464,2.9430555994105,82.7516417466476,84.8021014252006,NA
2002,Madrid,-3.7038,40.4168,22.8007671534066,6.92629845629628,1.50291668906187,43.3762429880854,77.4256005350151,NA
2002,London,-0.1276,51.5072,16.6728868555928,6.52297902086672,2.86409726490061,75.50684107042,82.301533141282,NA
2002,Oslo,10.7522,59.9139,16.2329126806444,-4.47281471483961,1.97622225167024,74.5414167734042,84.4107197501617,NA
2002,Berlin,13.405,52.52,19.0731993019416,1.48591663345385,1.50298613350734,73.1652033217667,80.5700741932884,NA
2002,Rome,12.4964,41.9028,23.0263289167596,8.24402545675732,2.15435900646142,76.5151293452925,82.5282785862135,NA
2003,Dublin,-6.2603,53.3498,15.4986545448824,5.04319433172027,1.65777780248059,80.227763626426,85.3599350467966,NA
2003,Madrid,-3.7038,40.4168,24.9440959098473,5.12692349651544,1.63187502431683,40.1385875546333,75.8629043562518,NA
2003,London,-0.1276,51.5072,18.4190417078675,4.63577072971578,1.90694447286014,68.4876284848552,80.8321751175367,NA
2003,Oslo,10.7522,59.9139,15.6913837072413,-3.45211844135763,1.68577780289783,72.1155234626648,82.708020556117,NA
2003,Berlin,13.405,52.52,19.8414397739006,0.00333333325882997,1.09812501636334,64.9550281418184,81.4970186129089,NA
2003,Rome,12.4964,41.9028,26.0824659721954,7.09318787564293,1.94393165289847,59.8244992192137,73.8376717099121,NA
2004,Dublin,-6.2603,53.3498,14.8418203204334,5.44329658162954,1.73392859726612,81.165750865585,85.2086551158617,NA
2004,Madrid,-3.7038,40.4168,23.4323975740712,6.16763035664821,1.04381869687279,44.9436827349304,76.2346718399972,NA
2004,London,-0.1276,51.5072,17.2238039628441,5.29759603543566,1.73276101483115,73.2676661700579,82.3362810116871,NA
2004,Oslo,10.7522,59.9139,14.3230793899991,-3.17147978259175,1.87765570563494,73.9681965909338,82.2089317652511,NA
2004,Berlin,13.405,52.52,17.6314058559074,1.09371563489421,1.52912090190656,71.7707211781627,83.0995150146164,NA
2004,Rome,12.4964,41.9028,23.0842553368695,8.10501249846693,4.51479296668397,68.0265896424377,79.3791718675091,NA
2005,Dublin,-6.2603,53.3498,15.2536137894899,5.49577765493757,1.62541669088727,80.9617618666718,86.0767673736956,NA
2005,Madrid,-3.7038,40.4168,24.4687290726465,4.25553462710361,0.821180567792093,39.8991853771529,69.8124746132256,NA
2005,London,-0.1276,51.5072,16.8877849486155,4.89214572398536,0.989027792515442,72.2871331784627,81.9671335743466,NA
2005,Oslo,10.7522,59.9139,14.9006808263641,-1.61651848238653,1.2622222410308,70.5457488518001,77.766181651058,NA
2005,Berlin,13.405,52.52,17.348545807882,1.21606941726317,1.63354169100833,72.6273357788915,84.4235631177412,NA
2005,Rome,12.4964,41.9028,23.084807176322,5.94015371338107,2.9577778218521,67.58593065535,72.0502156659065,NA
2006,Dublin,-6.2603,53.3498,15.7052713880903,5.41294432345571,2.17027781011743,77.6373817844451,84.3635646600043,NA
2006,Madrid,-3.7038,40.4168,23.8426217496846,4.93419433415661,1.08298612724886,41.0755440903341,74.092806336627,NA
2006,London,-0.1276,51.5072,18.2430838313657,5.06043738689042,1.54187502297573,69.3842401643405,82.7499608779454,NA
2006,Oslo,10.7522,59.9139,16.4624923856578,-2.26471846789813,2.44674077720002,71.0823280106083,86.231528378546,NA
2006,Berlin,13.405,52.52,19.5753732037606,0.402874990995101,0.972847236718778,67.0552999122453,83.4268892099625,NA
2006,Rome,12.4964,41.9028,23.4193807474391,7.7982989709936,1.82333336050312,65.1401347499279,72.7879591998083,NA
2007,Dublin,-6.2603,53.3498,14.1997551173933,6.01745819883266,2.94652782168446,84.1338060627437,85.753847431678,NA
2007,Madrid,-3.7038,40.4168,21.7522345681475,6.21818736101268,0.741736122163838,46.1389952527421,77.2261482738474,NA
2007,London,-0.1276,51.5072,16.2675947450866,6.38303457955027,2.3089583677395,77.2056860819612,83.8400787686944,NA
2007,Oslo,10.7522,59.9139,14.9601663322809,-3.30077029659239,2.23133336658278,73.0892947694127,85.368129927055,NA
2007,Berlin,13.405,52.52,18.3114398080987,3.54029853197928,1.82048613823845,74.3567929168763,83.0229763150203,NA
2007,Rome,12.4964,41.9028,23.6839208753054,8.63441006341615,2.00923079917063,60.9056865262945,74.6481813549788,NA
2008,Dublin,-6.2603,53.3498,14.3793746785959,5.23162076218504,2.55178575231028,83.0517253754982,86.256501285322,NA
2008,Madrid,-3.7038,40.4168,22.5454478656352,6.79538446349594,1.10686814836176,44.9051131435758,75.5528257773288,NA
2008,London,-0.1276,51.5072,16.6050064223275,5.64214959916285,1.46538463722056,74.950001116842,83.373778307322,NA
2008,Oslo,10.7522,59.9139,14.854811262172,-1.06394136816044,2.9873260518406,70.8719424480156,82.7850012335926,NA
2008,Berlin,13.405,52.52,18.6162292034601,3.26388042155206,1.59711540841425,66.1821657241081,82.928292771778,NA
2008,Rome,12.4964,41.9028,23.5083439561529,8.08462365699533,4.39019448638267,61.8520912226713,74.0102530576606,NA
2009,Dublin,-6.2603,53.3498,14.706018693034,3.75355547165706,2.95180559954089,81.9868324974191,87.2837944040782,NA
2009,Madrid,-3.7038,40.4168,24.2809913051036,5.22584016097113,2.14541669863587,38.5679353573158,76.0690877845716,NA
2009,London,-0.1276,51.5072,17.0163922826975,3.6277221411363,2.39215281342363,73.6197021839756,85.029232036265,NA
2009,Oslo,10.7522,59.9139,14.6457677885836,-5.55614061655129,2.27355558943417,71.4843508080361,86.2821508184145,NA
2009,Berlin,13.405,52.52,18.0310729665393,-0.728444428162438,1.2956944637518,70.0316552300745,86.435136423119,NA
2009,Rome,12.4964,41.9028,23.8241717082909,7.46258102977951,4.05401715442665,62.1954858766177,74.2454476138589,NA
2010,Dublin,-6.2603,53.3498,14.7064398886767,1.21463886173959,1.85263891649536,82.6931964984968,84.5562633023757,2010s
2010,Madrid,-3.7038,40.4168,23.4498432258551,4.9642985001504,2.549861149107,45.7490470032398,76.6661174946154,2010s
2010,London,-0.1276,51.5072,17.143477877683,1.70019440644213,1.81041669364398,70.5894531066594,84.3503629205711,2010s
2010,Oslo,10.7522,59.9139,14.6856663384164,-10.5352219867416,0.717777788473497,75.4830186174961,85.7653213999541,2010s
2010,Berlin,13.405,52.52,19.228878646288,-3.57970825332061,1.34680557562452,68.3278325098768,86.613194108748,2010s
2010,Rome,12.4964,41.9028,23.6287703748658,7.40656393701449,4.71777784807814,61.479666188085,73.9384766008617,2010s
2011,Dublin,-6.2603,53.3498,13.2797279640445,5.25216654927159,2.23888892225093,81.284286925516,83.0699455792115,2010s
2011,Madrid,-3.7038,40.4168,22.9665551931792,6.13402764067158,0.878680568648915,43.3546945235863,74.1347074357382,2010s
2011,London,-0.1276,51.5072,15.7043406815893,5.75277764919319,2.22770836652878,72.962016063393,83.7714743581909,2010s
2011,Oslo,10.7522,59.9139,14.8741301023199,-4.45052582644891,2.27659262651647,79.1056058985294,84.2418052448931,2010s
2011,Berlin,13.405,52.52,17.9492794901067,1.77697218250379,1.47062502191402,72.4002857763573,81.7856486445982,2010s
2011,Rome,12.4964,41.9028,23.5311031529686,8.49611092120822,2.12752139922391,59.3281126537444,69.0698353797003,2010s
2012,Dublin,-6.2603,53.3498,14.1549725096987,5.97120865774188,1.86923079708448,83.8129554353243,83.890037481943,2010s
2012,Madrid,-3.7038,40.4168,23.938858160577,5.18313862041155,0.303571433094995,36.704416307808,69.4713477400748,2010s
2012,London,-0.1276,51.5072,16.3058692007528,5.08278147979759,1.77726650999983,76.6447506273394,81.8675916741177,2010s
2012,Oslo,10.7522,59.9139,13.5735359284919,-5.20456398623303,1.44996339156951,77.9486061541827,84.3153196729194,2010s
2012,Berlin,13.405,52.52,17.6381585731477,0.0305906586569143,1.57129123220527,74.0242868173335,83.0274179038716,2010s
2012,Rome,12.4964,41.9028,25.2187201721036,6.59824161075956,2.35883350936744,53.5964890929643,65.3339155332722,2010s
2013,Dublin,-6.2603,53.3498,15.559320304396,5.16829155114634,3.38847227271439,81.0726660432417,85.8687200815403,2010s
2013,Madrid,-3.7038,40.4168,23.3216638808941,5.29729849270726,1.33333335320155,40.5272114882562,74.1331141736856,2010s
2013,London,-0.1276,51.5072,17.3229411888891,4.45252767825601,2.23347225550355,70.3406939829406,82.8761339210347,2010s
2013,Oslo,10.7522,59.9139,14.8202170600467,-3.9864591701549,2.05866669734322,72.6427955228424,84.5387896864892,2010s
2013,Berlin,13.405,52.52,18.7869425148617,1.3540346919572,1.44361113262259,69.5906046035103,85.7239904957158,2010s
2013,Rome,12.4964,41.9028,23.4248238911301,7.59670923190972,3.13136756802855,58.2023420044062,69.7662453834895,2010s
2014,Dublin,-6.2603,53.3498,14.7874317346925,5.11745821894923,4.32152784217356,79.3233437234464,86.7174339387832,2010s
2014,Madrid,-3.7038,40.4168,22.7063446011693,6.21354152778319,1.79187502670102,41.3102587677447,76.9816741509186,2010s
2014,London,-0.1276,51.5072,17.0821599442709,6.17858319523124,3.69395838837762,70.0273787608806,82.5557930190335,2010s
2014,Oslo,10.7522,59.9139,15.6217097957551,-2.53539994332941,3.06133337895077,71.2890998994995,87.7808146552727,2010s
2014,Berlin,13.405,52.52,18.2775199719004,2.48177772230572,0.991736125889129,71.4288656334565,83.7778836013289,2010s
2014,Rome,12.4964,41.9028,22.5440379576399,9.41078611443886,5.535470167955,63.1155788299426,73.7651256543462,2010s
2015,Dublin,-6.2603,53.3498,13.8592659945691,5.37984710197326,4.02083339324843,78.2370736692432,85.6004851465143,2010s
2015,Madrid,-3.7038,40.4168,24.9461271598019,6.4368401339032,0.804861123104471,38.8375685135075,71.9911502519095,2010s
2015,London,-0.1276,51.5072,16.5600607711581,6.62349985195321,2.07187503087334,70.2965763899663,82.026262349883,2010s
2015,Oslo,10.7522,59.9139,13.9240504134109,-0.764199982918782,2.39933336908618,72.6854344407085,85.4678303930119,2010s
2015,Berlin,13.405,52.52,19.1832196799173,3.76314574922046,1.16000001728534,65.9996589862075,83.8438837942326,2010s
2015,Rome,12.4964,41.9028,24.8076583083819,8.4720681867029,2.14641028839428,59.724854446455,71.0967696183763,2010s
2016,Dublin,-6.2603,53.3498,15.1460458571117,5.52539822814607,3.35329675326472,83.4860930381983,86.5528440991024,2010s
2016,Madrid,-3.7038,40.4168,24.6140959172234,7.20064544344863,1.53640112179525,38.5547252516005,78.0614803619741,2010s
2016,London,-0.1276,51.5072,17.3489670035247,5.63976635745788,1.71105771780442,75.4904177915616,82.8323226628692,2010s
2016,Oslo,10.7522,59.9139,14.78480401736,-3.49188270583308,1.40710624807375,75.1213568045265,83.7988477438199,2010s
2016,Berlin,13.405,52.52,18.7691096348255,1.92985572609511,1.41971155961689,70.9172917306778,84.1767789320995,2010s
2016,Rome,12.4964,41.9028,23.3516717188521,9.13866420824551,2.52248524468855,60.5249586007077,70.2732807611839,2010s
2017,Dublin,-6.2603,53.3498,14.7748502132346,5.47344432210343,2.27152781162617,81.1906006648751,86.4027177560916,2010s
2017,Madrid,-3.7038,40.4168,24.9826353111598,6.10324986358174,1.11444446105096,39.9558429866928,73.1333102860059,2010s
2017,London,-0.1276,51.5072,17.3380566776816,4.70256933933381,2.21958336640771,73.3825418543546,84.6728596927428,2010s
2017,Oslo,10.7522,59.9139,13.8493620092832,-3.0605184501106,1.60237039424755,74.7920365127182,85.8171533823351,2010s
2017,Berlin,13.405,52.52,18.347601492073,1.27709719367689,1.21465279587751,72.8618395258374,83.2675182475854,2010s
2017,Rome,12.4964,41.9028,23.8032352539094,7.19080325807643,2.25145302500226,54.0179688989691,72.0523608243317,2010s
2018,Dublin,-6.2603,53.3498,15.8573909499075,5.32751376980967,3.15263893586687,75.175136989762,84.9826784316949,2010s
2018,Madrid,-3.7038,40.4168,23.6373024607955,6.00925681012707,1.55013891198777,44.8987770116678,74.5900239599167,2010s
2018,London,-0.1276,51.5072,18.4209167078256,5.29334015946241,1.96645836263584,67.3397428512665,81.5894227033804,2010s
2018,Oslo,10.7522,59.9139,16.4382460093881,-4.4972443439232,2.15711114325458,65.1911539808511,87.4381456328268,2010s
2018,Berlin,13.405,52.52,20.3229682957463,2.14902772974328,1.23416668505719,61.7181765493525,81.90756752317,2010s
2018,Rome,12.4964,41.9028,23.366471049625,8.64427331105894,2.48837610545576,64.4150511270831,75.4519610149326,2010s
2019,Dublin,-6.2603,53.3498,14.8577985809458,6.09368041935118,1.76791669301068,80.4010926032538,84.8186272180945,2010s
2019,Madrid,-3.7038,40.4168,24.3700198357224,7.34995816904897,1.17194446190777,36.4292124993593,68.1915042841064,2010s
2019,London,-0.1276,51.5072,17.4049520566212,5.53293737632921,1.91958336193735,71.7980309611783,82.6784202043364,2010s
2019,Oslo,10.7522,59.9139,15.0031011139299,-2.67499994020909,2.07807410503979,77.5412091065244,85.1625878741023,2010s
2019,Berlin,13.405,52.52,20.7287835040669,3.1758471512365,1.09902779415457,63.2936150735831,80.7667199535179,2010s
2019,Rome,12.4964,41.9028,23.1985195483623,8.39487160723177,2.19880345156814,71.4960581123541,66.1483218812092,2010s
2020,Dublin,-6.2603,53.3498,14.4627850028185,5.24401087179822,3.72994511052556,82.4014017881006,85.2298015772427,NA
2020,Madrid,-3.7038,40.4168,24.1251217433702,7.30593390263371,0.699725285151992,39.9050957033279,75.6276130672378,NA
2020,London,-0.1276,51.5072,17.4550607511533,6.29758227682048,2.92012366988687,70.5605596345405,84.033847406048,NA
2020,Oslo,10.7522,59.9139,15.0534271997615,0.834542105888651,3.77494511119615,74.4631227622266,79.796574016479,NA
2020,Berlin,13.405,52.52,19.4716775539045,4.33298754051282,1.42630496630855,66.1000009849668,82.8473340669783,NA
2020,Rome,12.4964,41.9028,22.3762536804537,8.94791188791067,2.0234996074982,64.3452270894719,73.4019309183354,NA
2021,Dublin,-6.2603,53.3498,15.3393746571383,5.22488877210353,4.06416672722747,81.142156734351,85.3617508431727,NA
2021,Madrid,-3.7038,40.4168,23.5529682235501,6.72844429405199,1.48027779983564,40.4069393776205,77.2187034407247,NA
2021,London,-0.1276,51.5072,17.034748260548,5.2008540504185,2.25215281133747,75.591207670364,83.5365292737243,NA
2021,Oslo,10.7522,59.9139,15.9690286285716,-6.0634294941014,1.2320740924334,72.6250199216847,83.1700327850714,NA
2021,Berlin,13.405,52.52,19.4396123372299,1.05830553190059,1.31520835293146,69.5922768990748,84.4071127590809,NA
2021,Rome,12.4964,41.9028,23.0835111897289,8.39648699181106,2.85606841862711,57.3803103993153,71.3278350709647,NA
2022,Dublin,-6.2603,53.3498,13.6443746950245,5.96968206995704,2.39343223905475,76.9454178132427,84.9477036728216,NA
2022,Madrid,-3.7038,40.4168,23.197103648171,7.25248924467388,0.33813559825895,37.4985422254385,63.8531924408484,NA
2022,London,-0.1276,51.5072,15.8637288120847,5.64971385676989,1.31207629073791,67.0579507900363,81.8256861508046,NA
2022,Oslo,10.7522,59.9139,14.8757774452782,-1.569333298256,1.51265538977196,73.3363442079208,78.9844698418104,NA
2022,Berlin,13.405,52.52,19.659332893913,4.07242575643182,1.56832629455632,62.0914592585682,81.9563440783876,NA
2022,Rome,12.4964,41.9028,23.1797430716359,8.19058651836028,0.592307701133766,70.2568841637922,70.3316176431587,NA
